a=[1:10;2:15]
a1 = [ones(10, 1) a]